0  -0.50952380952381
1  -0.766666666666667
2  -0.547619047619048
3  -0.414285714285714
4  -0.504761904761905
5  -0.652380952380952
6  -0.7
7  -0.847619047619048
8  -0.976190476190476
9  -0.861904761904762
10  -1.03809523809524
11  -1.01904761904762
12  -1
13  -1.1047619047619
14  -0.938095238095238
15  -0.790476190476191
16  -0.557142857142857
17  -0.319047619047619
18  -0.0761904761904762
19  -0.2
20  0.0571428571428571
21  0.438095238095238
22  0.79047619047619
23  1.13809523809524
24  1.02380952380952
25  1.27142857142857
26  1.63809523809524
27  1.93809523809524
28  2.13333333333333
29  2.13333333333333
30  2.5
31  2.48095238095238
32  2.72380952380952
33  2.73809523809524
34  2.5047619047619
35  2.60952380952381
36  2.73333333333333
37  2.83809523809524
38  2.43809523809524
39  2.37142857142857
40  2.11428571428571
41  1.93809523809524
42  1.93809523809524
43  1.55714285714286
44  1.32380952380952
45  1.34285714285714
46  1.22380952380952
47  0.842857142857143
48  0.580952380952381
49  0.580952380952381
50  0.814285714285715
51  0.947619047619048
52  0.70952380952381
53  0.709523809523809
54  0.595238095238095
55  0.5
56  0.619047619047619
57  0.366666666666667
58  0.333333333333333
59  0.447619047619048
60  0.723809523809524
61  0.571428571428571
62  0.919047619047619
63  1.21904761904762
64  1.23809523809524
65  1.6047619047619
66  1.56190476190476
67  1.4952380952381
68  1.50952380952381
69  1.76190476190476
70  1.90952380952381
71  1.62380952380952
72  1.62380952380952
73  1.83809523809524
74  1.96666666666667
75  1.6
76  1.6047619047619
77  1.44285714285714
78  1.32380952380952
79  1.62380952380952
80  1.42380952380952
81  1.05714285714286
82  1.1
83  1.07619047619048
84  1.01428571428571
85  0.761904761904762
86  0.695238095238095
87  0.452380952380952
88  0.495238095238095
89  0.323809523809524
90  0.557142857142857
91  0.304761904761905
92  0.419047619047619
93  0.752380952380952
94  0.657142857142857
95  0.676190476190476
96  0.552380952380952
97  0.823809523809524
98  0.695238095238095
99  0.952380952380952
100  0.819047619047619
101  0.652380952380953
102  0.852380952380952
103  1.13809523809524
104  1.2047619047619
105  1.46190476190476
106  1.42857142857143
107  1.7952380952381
108  1.4952380952381
109  1.32380952380952
110  1.2952380952381
111  1.46666666666667
112  1.33809523809524
113  1.71904761904762
114  1.48571428571429
115  1.26666666666667
116  1.07142857142857
117  1.0047619047619
118  0.852380952380952
119  0.704761904761905
120  0.576190476190476
121  0.323809523809524
122  0.671428571428571
123  0.885714285714286
124  0.671428571428571
125  0.366666666666667
126  -2.11471052309554e-17
127  -0.4
128  -0.4
129  -0.814285714285714
130  -0.447619047619048
131  -0.0190476190476191
132  0.257142857142857
133  0.304761904761905
134  0.309523809523809
135  0.295238095238095
136  0.285714285714286
137  0.538095238095238
138  0.814285714285714
139  0.642857142857143
140  0.80952380952381
141  1.05238095238095
142  1.18571428571429
143  1.18571428571429
144  1.13809523809524
145  1.13809523809524
146  1.0952380952381
147  1.4952380952381
148  1.4952380952381
149  1.77142857142857
150  1.53333333333333
151  1.7047619047619
152  1.44285714285714
153  1.01428571428571
154  0.885714285714286
155  0.671428571428571
156  0.428571428571429
157  0.0619047619047618
158  -0.0619047619047621
159  -0.19047619047619
160  -0.176190476190476
161  -0.304761904761905
162  -0.166666666666667
163  -0.40952380952381
164  -0.29047619047619
165  -0.419047619047619
166  -0.719047619047619
167  -0.933333333333333
168  -0.738095238095238
169  -0.833333333333333
170  -0.833333333333333
171  -0.79047619047619
172  -0.504761904761905
173  -0.495238095238095
174  -0.6
175  -0.552380952380952
176  -0.552380952380952
177  -0.580952380952381
178  -0.342857142857143
179  0.038095238095238
180  0.29047619047619
181  0.166666666666667
182  -0.0857142857142858
183  0.295238095238095
184  0.376190476190476
185  0.4
186  0.447619047619048
187  0.552380952380952
188  0.919047619047619
189  0.876190476190476
190  0.938095238095238
191  1.01904761904762
192  1.4
193  1.35714285714286
194  1.42380952380952
195  1.59047619047619
196  1.95714285714286
197  2.06190476190476
198  1.93809523809524
199  1.78571428571429
200  1.9
201  1.81904761904762
202  1.56666666666667
203  1.43809523809524
204  1.56190476190476
205  1.16190476190476
206  0.747619047619048
207  0.619047619047619
208  0.666666666666667
209  0.561904761904762
210  0.176190476190476
211  0.466666666666667
212  0.119047619047619
213  -0.266666666666667
214  -0.519047619047619
215  -0.776190476190476
216  -0.995238095238095
217  -1.34285714285714
218  -1.40952380952381
219  -1.5
220  -1.26190476190476
221  -1.21428571428571
222  -1.58095238095238
223  -1.53333333333333
224  -1.4047619047619
225  -1.4047619047619
226  -1.29047619047619
227  -1.27142857142857
228  -1.22380952380952
229  -1.22380952380952
230  -1.42380952380952
231  -1.47142857142857
232  -1.31904761904762
233  -1.55238095238095
234  -1.53809523809524
235  -1.37142857142857
236  -1.15238095238095
237  -1.2
238  -1.39523809523809
239  -1.21904761904762
240  -1.39047619047619
241  -1.42380952380952
242  -1.49047619047619
243  -1.2047619047619
244  -0.857142857142857
245  -1.22380952380952
246  -1.35238095238095
247  -1.33809523809524
248  -1.72380952380952
249  -1.47142857142857
250  -1.12380952380952
251  -1.14285714285714
252  -1.15714285714286
253  -0.761904761904762
254  -0.747619047619048
255  -0.514285714285714
256  -0.147619047619048
257  -0.038095238095238
258  -0.238095238095238
259  -0.0571428571428572
260  0.29047619047619
261  0.295238095238095
262  0.514285714285714
263  0.819047619047619
264  0.642857142857143
265  0.704761904761905
266  0.447619047619047
267  0.766666666666667
268  1.06666666666667
269  1.43333333333333
270  1.81904761904762
271  1.56666666666667
272  1.6
273  1.98571428571429
274  1.86666666666667
275  1.88571428571429
276  2.11904761904762
277  1.73809523809524
278  1.35714285714286
279  1.1
280  1.3
281  1.54761904761905
282  1.2
283  1.04761904761905
284  0.7
285  0.780952380952381
286  0.761904761904762
287  0.795238095238095
288  1.05238095238095
289  1.1
290  0.8
291  0.542857142857143
292  0.557142857142857
293  0.704761904761905
294  0.428571428571428
295  0.428571428571429
296  0.414285714285714
297  0.176190476190476
298  -0.0571428571428571
299  0.242857142857143
300  0.242857142857143
301  0.333333333333333
302  0.333333333333333
303  0.333333333333333
304  0.485714285714286
305  0.79047619047619
306  0.742857142857143
307  0.504761904761905
308  0.49047619047619
309  0.109523809523809
310  0.0619047619047618
311  -0.333333333333333
312  0.0476190476190477
313  0.176190476190476
314  0.0952380952380952
315  -0.0523809523809524
316  -0.157142857142857
317  -0.176190476190476
318  0.171428571428571
319  0.328571428571429
320  0.528571428571428
321  0.180952380952381
322  0.133333333333333
323  0.171428571428571
324  -0.0476190476190477
325  -0.0809523809523809
326  -0.204761904761905
327  -0.238095238095238
328  -0.0857142857142858
329  -0.0666666666666667
330  -0.157142857142857
331  -0.00952380952380945
332  -0.204761904761905
333  -0.0285714285714286
334  -0.280952380952381
335  -0.533333333333333
336  -0.685714285714286
337  -0.685714285714286
338  -0.552380952380952
339  -0.752380952380952
340  -1.1
341  -1.38571428571429
342  -1.6047619047619
343  -1.40952380952381
344  -1.25714285714286
345  -1.37142857142857
346  -1.13333333333333
347  -1.48095238095238
348  -1.46190476190476
349  -1.71428571428571
350  -1.83809523809524
351  -1.98571428571429
352  -1.98571428571429
353  -2.15238095238095
354  -1.90952380952381
355  -1.69047619047619
356  -1.53333333333333
357  -1.53333333333333
358  -1.68095238095238
359  -1.33333333333333
360  -1.37619047619048
361  -1.37619047619048
362  -1.24285714285714
363  -1.24285714285714
364  -1.37142857142857
365  -1.21904761904762
366  -0.957142857142857
367  -0.823809523809524
368  -1.17619047619048
369  -1.17619047619048
370  -1.02857142857143
371  -0.895238095238095
372  -0.50952380952381
373  -0.419047619047619
374  -0.29047619047619
375  -0.271428571428572
376  -0.619047619047619
377  -0.585714285714286
378  -0.871428571428572
379  -0.742857142857143
380  -0.742857142857143
381  -0.942857142857143
382  -1.08095238095238
383  -1.22857142857143
384  -1.07619047619048
385  -0.947619047619048
386  -0.814285714285714
387  -1.11428571428571
388  -1.48095238095238
389  -1.5
390  -1.16666666666667
391  -0.819047619047619
392  -0.8
