0  -0.0133333333333335
1  -0.193333333333333
2  -0.38
3  -0.0266666666666667
4  -0.0266666666666666
5  -0.233333333333333
6  -0.213333333333333
7  -0.42
8  -0.0866666666666667
9  -0.253333333333333
10  -0.673333333333333
11  -1.16
12  -1.71333333333333
13  -2.06666666666667
14  -2.19333333333333
15  -1.68
16  -1.71333333333333
17  -1.38
18  -0.886666666666667
19  -1.03333333333333
20  -0.8
21  -0.593333333333333
22  -0.0800000000000001
23  0.433333333333333
24  0.28
25  0.273333333333333
26  0.76
27  1.29333333333333
28  1.87333333333333
29  2.36
30  2.71333333333333
31  2.73333333333333
32  3.07333333333333
33  2.98
34  2.67333333333333
35  2.46666666666667
36  2.62
37  2.9
38  2.88
39  2.9
40  2.72666666666667
41  2.9
42  2.94666666666667
43  2.76666666666667
44  2.22666666666667
45  2.16
46  1.80666666666667
47  1.20666666666667
48  1.18
49  0.76
50  0.74
51  1.25333333333333
52  0.926666666666667
53  0.44
54  0.0733333333333333
55  -0.0400000000000001
56  0.306666666666667
57  0.14
58  -0.213333333333333
59  -0.08
60  0.3
61  0.28
62  0.633333333333333
63  0.7
64  0.7
65  1.21333333333333
66  1.38666666666667
67  1.08
68  1.38
69  1.73333333333333
70  2.1
71  2.19333333333333
72  1.78666666666667
73  2.02
74  2.04666666666667
75  1.91333333333333
76  1.91333333333333
77  1.53333333333333
78  1.71333333333333
79  2.2
80  2.07333333333333
81  1.53333333333333
82  1.53333333333333
83  1.5
84  1.2
85  1.26666666666667
86  0.96
87  0.446666666666667
88  0.74
89  0.493333333333333
90  0.686666666666667
91  0.333333333333333
92  0.4
93  0.553333333333333
94  0.206666666666667
95  -0.1
96  0.0733333333333334
97  0.1
98  0.253333333333333
99  0.566666666666667
100  0.78
101  0.873333333333333
102  0.853333333333333
103  1.20666666666667
104  0.966666666666667
105  1.32666666666667
106  0.926666666666667
107  1.11333333333333
108  1.18
109  1.40666666666667
110  1.73333333333333
111  2.08666666666667
112  1.90666666666667
113  2.42
114  1.90666666666667
115  1.35333333333333
116  1.1
117  1.00666666666667
118  1.17333333333333
119  1.35333333333333
120  1.36
121  1.00666666666667
122  1.13333333333333
123  1.36666666666667
124  0.853333333333333
125  0.6
126  0.0866666666666667
127  -0.266666666666667
128  -0.133333333333333
129  -0.16
130  0.0266666666666666
131  0.0666666666666666
132  -0.08
133  -0.526666666666667
134  -0.526666666666667
135  -1.12666666666667
136  -0.8
137  -0.446666666666667
138  -0.0399999999999999
139  0.0266666666666665
140  0.413333333333333
141  0.78
142  0.953333333333333
143  1.30666666666667
144  1.33333333333333
145  1.02666666666667
146  1.04666666666667
147  1.56
148  1.74666666666667
149  1.95333333333333
150  2.02
151  2.57333333333333
152  2.18666666666667
153  2.18666666666667
154  1.65333333333333
155  1.52666666666667
156  1.18666666666667
157  0.846666666666666
158  0.82
159  0.22
160  0.06
161  0.0666666666666667
162  -0.12
163  -0.606666666666667
164  -0.793333333333333
165  -0.62
166  -0.506666666666667
167  -0.993333333333334
168  -0.72
169  -1.10666666666667
170  -0.753333333333333
171  -1.11333333333333
172  -1.13333333333333
173  -1.12
174  -0.866666666666667
175  -0.4
176  -0.753333333333333
177  -0.52
178  -0.12
179  0.0666666666666666
180  0.0666666666666666
181  -0.286666666666667
182  -0.466666666666667
183  -0.32
184  -0.366666666666667
185  0.0199999999999999
186  0.0199999999999999
187  0.2
188  0.38
189  0.726666666666667
190  0.84
191  0.62
192  1.04
193  0.766666666666667
194  0.86
195  0.8
196  1.28666666666667
197  1.8
198  1.98
199  2.19333333333333
200  2.35333333333333
201  2.24
202  2.4
203  2.36666666666667
204  2.36666666666667
205  1.76666666666667
206  1.76666666666667
207  2.00666666666667
208  1.58666666666667
209  1.44
210  1.28
211  1.12666666666667
212  0.573333333333333
213  0.06
214  0.0133333333333331
215  -0.346666666666667
216  -0.886666666666667
217  -0.773333333333333
218  -1.28666666666667
219  -1.46
220  -1.46
221  -1.39333333333333
222  -1.7
223  -2.18666666666667
224  -1.76666666666667
225  -1.74666666666667
226  -1.58666666666667
227  -1.56
228  -1.49333333333333
229  -1.00666666666667
230  -1.31333333333333
231  -1.31333333333333
232  -0.773333333333333
233  -1.30666666666667
234  -1.30666666666667
235  -1.28
236  -1.25333333333333
237  -1.32
238  -1.34
239  -1.06666666666667
240  -1.46666666666667
241  -1.28
242  -1.30666666666667
243  -1.37333333333333
244  -1.44
245  -1.74666666666667
246  -1.74666666666667
247  -1.77333333333333
248  -1.86666666666667
249  -1.46666666666667
250  -0.98
251  -1.00666666666667
252  -1.21333333333333
253  -1.12666666666667
254  -1.34
255  -1.19333333333333
256  -0.726666666666667
257  -0.96
258  -1.26
259  -0.706666666666667
260  -0.433333333333333
261  -0.08
262  0.273333333333333
263  0.66
264  0.446666666666666
265  0.233333333333333
266  0.166666666666666
267  0.38
268  0.866666666666667
269  1.24666666666667
270  1.44666666666667
271  1.58
272  1.22
273  1.66666666666667
274  1.9
275  1.94666666666667
276  2.25333333333333
277  1.72
278  1.72
279  1.87333333333333
280  1.68666666666667
281  2.01333333333333
282  2.12666666666667
283  1.94
284  1.45333333333333
285  1.05333333333333
286  1.36666666666667
287  1.41333333333333
288  1.22
289  0.773333333333333
290  0.353333333333333
291  0.333333333333333
292  -0.0333333333333333
293  0.5
294  0.453333333333333
295  0.426666666666667
296  0.406666666666667
297  0.0666666666666667
298  0.0666666666666667
299  0.273333333333333
300  0.42
301  0.933333333333333
302  0.446666666666667
303  0.0933333333333333
304  0.366666666666667
305  0.813333333333333
306  0.813333333333333
307  0.426666666666666
308  0.766666666666666
309  0.766666666666666
310  0.426666666666667
311  0.34
312  0.273333333333333
313  0.28
314  -0.126666666666667
315  -0.333333333333333
316  -0.06
317  -0.64
318  -0.106666666666667
319  0.0666666666666666
320  0.28
321  -0.14
322  -0.14
323  0.22
324  0.22
325  0.0866666666666667
326  0.426666666666667
327  -0.0400000000000002
328  -0.0400000000000001
329  -0.04
330  0.0133333333333333
331  0.5
332  0.0533333333333333
333  0.473333333333333
334  0.0866666666666666
335  -0.0600000000000001
336  -0.48
337  -0.273333333333333
338  -0.126666666666667
339  -0.433333333333333
340  -0.74
341  -1.14
342  -1.42
343  -1.35333333333333
344  -1.1
345  -1.07333333333333
346  -1.25333333333333
347  -1.74
348  -1.53333333333333
349  -1.68
350  -1.68
351  -1.86666666666667
352  -1.35333333333333
353  -1.56
354  -1.70666666666667
355  -1.88666666666667
356  -2.09333333333333
357  -2.09333333333333
358  -2.3
359  -2.32666666666667
360  -2.02666666666667
361  -1.74666666666667
362  -1.34666666666667
363  -1.34666666666667
364  -1.52666666666667
365  -1.24666666666667
366  -1.26666666666667
367  -1.08
368  -1.40666666666667
369  -1.40666666666667
370  -1.40666666666667
371  -0.986666666666667
372  -0.446666666666667
373  -0.24
374  -0.22
375  -0.193333333333333
376  -0.473333333333333
377  -0.773333333333333
378  -0.66
379  -0.533333333333333
380  -0.353333333333333
381  -0.84
382  -0.966666666666667
383  -0.64
384  -0.826666666666667
385  -0.646666666666667
386  -0.646666666666667
387  -0.86
388  -1.44
389  -1.64666666666667
390  -1.26666666666667
391  -1.08666666666667
392  -1.10666666666667
393  -1.29333333333333
394  -1.80666666666667
395  -1.75333333333333
396  -1.44666666666667
397  -0.96
398  -0.726666666666667
