0  0.318181818181818
1  0.309090909090909
2  0.2
3  0.2
4  0.309090909090909
5  0.272727272727273
6  0.3
7  0.5
8  0.427272727272727
9  -0.0545454545454546
10  -0.6
11  -1.26363636363636
12  -1.22727272727273
13  -1.45454545454545
14  -1.62727272727273
15  -1.62727272727273
16  -2
17  -2.24545454545455
18  -2.27272727272727
19  -2.05454545454545
20  -1.99090909090909
21  -1.29090909090909
22  -0.618181818181818
23  -0.336363636363636
24  -0.545454545454545
25  -0.518181818181818
26  0.209090909090909
27  0.909090909090909
28  1.49090909090909
29  1.73636363636364
30  2.4
31  2.42727272727273
32  2.89090909090909
33  2.85454545454545
34  2.63636363636364
35  3.08181818181818
36  3.29090909090909
37  3.58181818181818
38  3.13636363636364
39  2.43636363636364
40  2.64545454545455
41  3.06363636363636
42  3.1
43  3.1
44  2.65454545454545
45  2.47272727272727
46  2.71818181818182
47  2.47272727272727
48  1.73636363636364
49  1.73636363636364
50  1.45454545454545
51  1.36363636363636
52  1.32727272727273
53  0.663636363636363
54  0.218181818181818
55  0.190909090909091
56  0.190909090909091
57  -0.290909090909091
58  -0.818181818181818
59  -0.727272727272727
60  0.0363636363636363
61  -0.281818181818182
62  -0.0363636363636364
63  0.718181818181818
64  0.536363636363636
65  1.08181818181818
66  1.30909090909091
67  0.609090909090909
68  1.01818181818182
69  1.71818181818182
70  2.00909090909091
71  1.71818181818182
72  1.65454545454545
73  1.88181818181818
74  2.33636363636364
75  2.37272727272727
76  2.06363636363636
77  2.09090909090909
78  1.89090909090909
79  2.37272727272727
80  2.19090909090909
81  1.51818181818182
82  1.75454545454545
83  2.13636363636364
84  1.96363636363636
85  1.44545454545455
86  1.23636363636364
87  0.772727272727273
88  0.854545454545455
89  0.854545454545455
90  0.854545454545454
91  0.372727272727273
92  0.463636363636364
93  0.672727272727273
94  0.490909090909091
95  -0.172727272727273
96  -0.0909090909090909
97  0.181818181818182
98  -0.0545454545454546
99  -0.0454545454545455
100  0.427272727272727
101  -0.145454545454545
102  0.272727272727273
103  0.936363636363636
104  0.909090909090909
105  1.37272727272727
106  1.08181818181818
107  1.56363636363636
108  1.23636363636364
109  1.72727272727273
110  1.47272727272727
111  1.48181818181818
112  1.41818181818182
113  1.96363636363636
114  1.96363636363636
115  2.02727272727273
116  1.96363636363636
117  1.96363636363636
118  1.70909090909091
119  1.13636363636364
120  1.09090909090909
121  0.936363636363636
122  1.41818181818182
123  1.89090909090909
124  1.48181818181818
125  1.18181818181818
126  0.654545454545455
127  0.5
128  -0.0181818181818182
129  -0.518181818181818
130  -0.518181818181818
131  -0.181818181818182
132  0.281818181818182
133  0.372727272727273
134  0.145454545454545
135  -0.618181818181818
136  -0.872727272727273
137  -1.15454545454545
138  -0.845454545454545
139  -1.50909090909091
140  -0.772727272727273
141  -0.245454545454546
142  0.481818181818182
143  0.9
144  0.727272727272727
145  0.763636363636364
146  0.745454545454545
147  1.50909090909091
148  2.20909090909091
149  2.49090909090909
150  2.29090909090909
151  3.04545454545455
152  2.6
153  2.11818181818182
154  1.96363636363636
155  1.96363636363636
156  1.64545454545455
157  1.67272727272727
158  1.43636363636364
159  1.2
160  0.527272727272727
161  0.518181818181818
162  0.436363636363636
163  -0.318181818181818
164  -0.090909090909091
165  -0.0818181818181818
166  -0.627272727272727
167  -1.29090909090909
168  -1.46363636363636
169  -1.70909090909091
170  -0.981818181818182
171  -1.47272727272727
172  -0.954545454545455
173  -0.990909090909091
174  -0.709090909090909
175  -0.618181818181818
176  -1.1
177  -1.1
178  -0.581818181818182
179  -0.0363636363636364
180  -0.0363636363636364
181  0.0545454545454545
182  -0.1
183  0.154545454545455
184  -0.390909090909091
185  -0.590909090909091
186  -0.590909090909091
187  -0.390909090909091
188  0.0909090909090908
189  0.563636363636364
190  0.5
191  0.2
192  0.445454545454545
193  0.6
194  0.727272727272727
195  0.718181818181818
196  1.29090909090909
197  1.49090909090909
198  1.70909090909091
199  1.68181818181818
200  1.86363636363636
201  1.83636363636364
202  2.08181818181818
203  2.32727272727273
204  2.78181818181818
205  2.62727272727273
206  2.62727272727273
207  2.58181818181818
208  2.25454545454545
209  1.96363636363636
210  1.96363636363636
211  2.36363636363636
212  1.7
213  1
214  0.754545454545454
215  0.227272727272727
216  -0.563636363636364
217  -1.13636363636364
218  -1.17272727272727
219  -1.37272727272727
220  -1.65454545454545
221  -0.836363636363636
222  -1.53636363636364
223  -2.14545454545455
224  -1.9
225  -1.9
226  -2.1
227  -2.15454545454545
228  -1.49090909090909
229  -1.46363636363636
230  -1.42727272727273
231  -1.42727272727273
232  -1.39090909090909
233  -1.45454545454545
234  -1.20909090909091
235  -1.17272727272727
236  -0.718181818181818
237  -0.718181818181818
238  -1
239  -0.909090909090909
240  -1.2
241  -1.31818181818182
242  -1.76363636363636
243  -1.48181818181818
244  -1.45454545454545
245  -1.83636363636364
246  -1.41818181818182
247  -1.50909090909091
248  -2.3
249  -2.05454545454545
250  -1.80909090909091
251  -1.84545454545455
252  -1.55454545454545
253  -0.918181818181819
254  -0.509090909090909
255  -0.827272727272728
256  -0.854545454545455
257  -1.10909090909091
258  -1.80909090909091
259  -1.23636363636364
260  -0.481818181818182
261  -0.763636363636364
262  -0.754545454545455
263  -0.0545454545454546
264  -0.345454545454546
265  -0.163636363636364
266  -0.1
267  0.427272727272727
268  0.709090909090909
269  0.936363636363636
270  1.54545454545455
271  1.31818181818182
272  1.31818181818182
273  1.9
274  1.88181818181818
275  1.88181818181818
276  1.77272727272727
277  1.61818181818182
278  1.46363636363636
279  1.7
280  2.11818181818182
281  1.86363636363636
282  2.01818181818182
283  2.46363636363636
284  1.82727272727273
285  1.98181818181818
286  2.47272727272727
287  1.80909090909091
288  1.63636363636364
289  1.06363636363636
290  1.15454545454545
291  1.15454545454545
292  0.363636363636364
293  0.327272727272727
294  -0.4
295  -0.4
296  -0.227272727272727
297  -0.2
298  -0.263636363636364
299  0.4
300  0.4
301  0.636363636363636
302  0.7
303  0.254545454545455
304  0.545454545454545
305  1.28181818181818
306  1.28181818181818
307  0.827272727272727
308  0.909090909090909
309  0.754545454545454
310  0.0909090909090909
311  -0.4
312  0.263636363636364
313  0.754545454545454
314  0.227272727272727
315  0.490909090909091
316  0.2
317  -0.254545454545455
318  -0.0818181818181819
319  -0.327272727272727
320  -0.0363636363636364
321  -0.7
322  0.0272727272727272
323  0.336363636363636
324  0.245454545454545
325  -0.481818181818182
326  -0.681818181818182
327  -0.563636363636364
328  0.190909090909091
329  0.490909090909091
330  0.981818181818182
331  0.890909090909091
332  0.227272727272727
333  0.563636363636364
334  0.0818181818181818
335  0.263636363636364
336  -0.345454545454545
337  0.136363636363636
338  0.336363636363636
339  -0.0454545454545455
340  -0.709090909090909
341  -0.972727272727273
342  -1.43636363636364
343  -1.1
344  -0.763636363636364
345  -1.00909090909091
346  -0.972727272727273
347  -1.63636363636364
348  -1.34545454545455
349  -1.54545454545455
350  -1.74545454545455
351  -2.02727272727273
352  -1.78181818181818
353  -1.78181818181818
354  -1.78181818181818
355  -2
356  -1.54545454545455
357  -1.54545454545455
358  -1.82727272727273
359  -1.82727272727273
360  -2.11818181818182
361  -2.4
362  -2.4
363  -2.43636363636364
364  -2.01818181818182
365  -1.63636363636364
366  -1.29090909090909
367  -1.31818181818182
368  -2.01818181818182
369  -1.35454545454545
370  -1.18181818181818
371  -0.9
372  -0.609090909090909
373  -0.609090909090909
374  -0.609090909090909
375  -1.61486985400023e-16
376  0.0363636363636363
377  -0.345454545454545
378  -0.863636363636364
379  -0.863636363636364
380  -0.581818181818182
381  -0.990909090909091
382  -0.463636363636364
383  -0.572727272727273
384  -0.581818181818182
385  -0.581818181818182
386  -0.581818181818182
387  -0.427272727272727
388  -1.12727272727273
389  -1.16363636363636
390  -1.19090909090909
391  -0.909090909090909
392  -1.28181818181818
393  -1.53636363636364
394  -1.69090909090909
395  -1.61818181818182
396  -1.60909090909091
397  -1.60909090909091
398  -1.60909090909091
399  -2.09090909090909
400  -1.42727272727273
401  -1.00909090909091
402  -0.690909090909091
